0
0
0
0
0
0
0
0
0
0
0
0
0
0
0
0
0
0
0
0
0
0
0
0
0
0
0
0
0
0
0
0
0
0
0
0
0
0
0
0
0
0
0
0
0
0
0
0
0
0
0
0
0
0
0
0
0
0
0
0
0
0
0
0
0
0
0
0
0
0
0
0
0
0
0
0
0
0
0
0
0
0
0
0
0
0
0
0
0
0
0
0
0
0
0
0
0
0
0
0
0
0
0
0
0
0
0
0
0
0
0
0
0
0
0
0
0
0
0
0
0
0
0
0
0
0
0
0
0
0
0
0
0
0
0
0
0
0
0
0
0
0
0
0
0
0
0
0
0
0
0
0
0
0
0
0
0
0
0
0
0
0
0
0
0
0
0
0
0
0
0
0
0
0
0
0
0
0
0
0
0
0
0
0
0
0
0
0
0
0
0
0
0
0
0
0
0
0
0
0
0
0
0
0
0
0
0
0
0
0
0
0
0
0
0
0
0
0
0
0
0
0
0
0
0
0
0
0
0
0
0
0
0
0
0
0
0
0
0
0
0
0
0
0
0
0
0
0
0
0
0
0
0
0
0
0
0
0
0
0
0
0
0
0
0
0
0
0
0
0
0
0
0
0
0
0
0
0
0
0
0
0
0
0
0
0
0
0
0
0
0
0
0
0
0
0
0
0
0
0
0
0
0
0
0
0
0
0
0
0
0
0
0
0
0
0
0
0
0
0
0
0
0
0
0
0
0
0
0
0
0
0
0
0
0
0
0
0
0
0
0
0
0
0
0
0
0
0
0
0
0
0
0
0
0
0
0
0
0
0
0
0
0
0
0
0
0
0
0
0
0
0
0
0
0
0
0
0
0
0
0
0
0
0
0
0
0
0
0
0
0
0
0
0
0
0
0
0
0
0
0
0
0
0
0
0
0
0
0
0
0
0
0
0
0
0
0
0
0
0
0
0
0
0
0
0
0
0
0
0
0
0
0
0
0
0
0
0
0
0
0
0
0
0
0
0
0
0
0
0
0
0
0
0
0
0
0
0
0
0
0
0
0
0
0
0
0
0
0
0
0
0
0
0
0
0
0
0
0
0
0
0
0
0
0
0
0
0
0
0
0
0
0
0
0
0
0
0
0
0
0
0
0
0
0
0
0
0
0
0
0
0
0
0
0
0
0
0
0
0
0
0
0
0
0
0
0
0
0
0
0
0
0
0
0
0
0
0
0
0
0
0
0
0
0
0
0
0
0
0
0
0
0
0
0
0
0
0
0
0
0
0
0
0
0
0
0
0
0
0
0
0
0
0
0
0
0
0
0
0
0
0
0
0
0
0
0
0
0
0
0
0
0
0
0
0
0
0
0
0
0
0
0
0
0
0
0
0
0
0
0
0
0
0
0
0
0
0
0
0
0
0
0
0
0
0
0
0
0
0
0
0
0
0
0
0
0
0
0
0
0
0
0
0
0
0
0
0
0
0
0
0
0
0
0
0
0
0
0
0
0
0
0
0
0
0
0
0
0
0
0
0
0
0
0
0
0
0
0
0
0
0
0
0
0
0
0
0
0
0
0
0
0
0
0
0
0
0
0
0
0
0
0
0
0
0
0
0
0
0
0
0
0
0
0
0
0
0
0
0
0
0
0
0
0
0
0
0
0
0
0
0
0
0
0
0
0
0
0
0
0
0
0
0
0
0
0
0
0
0
0
0
0
0
0
0
0
0
0
0
0
0
0
0
0
0
0
0
0
0
0
0
0
0
0
0
0
0
0
0
0
0
0
0
0
0
0
0
0
0
0
0
0
0
0
0
0
0
0
0
0
0
0
0
0
0
0
0
0
0
0
0
0
0
0
0
0
0
0
0
0
0
0
0
0
0
0
0
0
0
0
0
0
0
0
0
0
0
0
0
0
0
0
0
0
0
0
0
0
0
0
0
0
0
0
0
0
0
0
0
0
0
0
0
0
0
0
0
0
0
0
0
0
0
0
0
0
0
0
0
0
0
0
0
0
0
0
0
0
0
0
0
0
0
0
0
0
0
0
0
0
0
0
0
0
0
0
0
0
0
0
0
0
0
0
0
0
0
0
0
0
0
0
0
0
0
0
0
0
0
0
0
0
0
0
0
0
0
0
0
0
0
0
0
0
0
0
0
0
0
0
0
0
0
0
0
0
0
0
0
0
0
0
0
0
0
0
0
0
0
0
0
0
0
0
0
0
0
0
0
0
0
0
0
0
0
0
0
0
0
0
0
0
0
0
0
0
0
0
0
0
0
0
0
0
0
0
0
0
0
0
0
0
0
0
0
0
0
0
0
0
0
0
0
0
0
0
0
0
0
0
0
0
0
0
0
0
0
0
0
0
0
0
0
0
0
0
0
0
0
0
0
0
0
0
0
0
0
0
0
0
0
0
0
0
0
0
0
0
0
0
0
0
0
0
0
0
0
0
0
0
0
0
0
0
0
0
0
0
0
0
0
0
0
0
0
0
0
0
0
0
0
0
0
0
0
0
0
0
0
0
0
0
0
0
0
0
0
0
0
0
0
0
0
0
0
0
0
0
0
0
0
0
0
0
0
0
0
0
0
0
0
0
0
0
0
0
0
0
0
0
0
0
0
0
0
0
0
0
0
0
0
0
0
0
0
0
0
0
0
0
0
0
0
0
0
0
0
0
0
0
0
0
0
0
0
0
0
0
0
0
0
0
0
0
0
0
0
0
0
0
0
0
0
0
0
0
0
0
0
0
0
0
0
0
0
0
0
0
0
0
0
0
0
0
0
0
0
0
0
0
0
0
0
0
0
0
0
0
0
0
0
0
0
0
0
0
0
0
0
0
0
0
0
0
0
0
0
0
0
0
0
0
0
0
0
0
0
0
0
0
0
0
0
0
0
0
0
0
0
0
0
0
0
0
0
0
0
0
0
0
0
0
0
0
0
0
0
0
0
0
0
0
0
0
0
0
0
0
0
0
0
0
0
0
0
0
0
0
0
0
0
0
0
0
0
0
0
0
0
0
0
0
0
0
0
0
0
0
0
0
0
0
0
0
0
0
0
0
0
0
0
0
0
0
0
0
0
0
0
0
0
0
0
0
0
0
0
0
0
0
0
0
0
0
0
0
0
0
0
0
0
0
0
0
0
0
0
0
0
0
0
0
0
0
0
0
0
0
0
0
0
0
0
0
0
0
0
0
0
0
0
0
0
0
0
0
0
0
0
0
0
0
0
0
0
0
0
0
0
0
0
0
0
0
0
0
0
0
0
0
0
0
0
0
0
0
0
0
0
0
0
0
0
0
0
0
0
0
0
0
0
0
0
0
0
0
0
0
0
0
0
0
0
0
0
0
0
0
0
0
0
0
0
0
0
0
0
0
0
0
0
0
0
0
0
0
0
0
0
0
0
0
0
0
0
0
0
0
0
0
0
0
0
0
0
0
0
0
0
0
0
0
0
0
0
0
0
0
0
0
0
0
0
0
0
0
0
0
0
0
0
0
0
0
0
0
0
0
0
0
0
0
0
0
0
0
0
0
0
0
0
0
0
0
0
0
0
0
0
0
0
0
0
0
0
0
0
0
0
0
0
0
0
0
0
0
0
0
0
0
0
0
0
0
0
0
0
0
0
0
0
0
0
0
0
0
0
0
0
0
0
0
0
0
0
0
0
0
0
0
0
0
0
0
0
0
0
0
0
0
0
0
0
0
0
0
0
0
0
0
0
0
0
1
4
10
20
32
43
51
52
45
34
22
11
5
1
0
0
0
0
0
0
0
0
0
0
0
0
0
0
0
0
0
0
0
0
0
0
0
0
0
0
0
0
0
0
0
0
0
2
13
49
146
358
736
1291
1953
2571
2959
2983
2633
2029
1357
780
381
155
51
13
2
0
0
0
0
0
0
0
0
0
0
0
0
0
0
0
0
0
0
0
0
0
0
0
0
0
0
0
0
4
34
179
723
2325
6137
13617
25856
42591
61481
78327
88459
88732
79019
62297
43245
26214
13717
6100
2259
678
159
28
3
0
0
0
0
0
0
0
0
0
0
0
0
0
0
0
0
0
0
0
0
0
0
0
0
2
26
225
1336
5950
20843
59504
142247
290777
516556
807312
1120136
1388552
1543924
1542431
1383924
1112265
796798
504969
280150
134151
54426
18260
4908
1014
152
15
0
0
0
0
0
0
0
0
0
0
0
0
0
0
0
0
0
0
0
0
0
0
5
84
857
5887
29508
114078
354767
916331
2014795
3843576
6455324
9651654
12952376
15690963
17220257
17146626
15483758
12649682
9307152
6124818
3570491
1820182
797776
294038
88536
20966
3712
459
36
1
0
0
0
0
0
0
0
0
0
0
0
0
0
0
0
0
0
0
0
6
148
1931
15986
92682
402988
1382429
3887385
9226256
18902163
34013479
54480082
78463659
102373627
121634919
132029453
131103216
119040569
98612973
74217445
50425144
30655207
16478379
7710662
3077377
1020052
271166
55190
8078
780
44
1
0
0
0
0
0
0
0
0
0
0
0
0
0
0
0
0
0
3
143
2582
27212
189632
952595
3672776
11386903
29404596
64966242
125371452
214719845
330392172
461006930
587327757
686466235
738230209
731350265
667158199
559217377
429023341
299475594
188645440
106059119
52453743
22393732
8051724
2360481
540495
91223
10480
732
26
0
0
0
0
0
0
0
0
0
0
0
0
0
0
0
0
1
71
1988
28812
254545
1533566
6823515
23763030
67627071
162482143
337874235
619834828
1018064154
1514168810
2056856470
2568096466
2960084847
3158248671
3122578436
2859654561
2420897743
1887587411
1348038811
875025788
510965989
264816503
119680644
46093331
14678084
3712826
706768
94003
7869
356
6
0
0
0
0
0
0
0
0
0
0
0
0
0
0
0
15
818
18259
220544
1678959
8944360
35917963
114774182
303820857
686777091
1356764558
2384655800
3780495683
5463328572
7254768190
8904335042
10142884816
10749264399
10609256290
9747372506
8320675212
6576447017
4787641793
3187169802
1921491755
1035866960
491143116
200431319
68431266
18824344
3965716
596728
58137
3180
78
0
0
0
0
0
0
0
0
0
0
0
0
0
0
1
157
6398
117887
1221154
8200357
39383368
145054456
431091615
1073573930
2305130207
4361224237
7393270146
11375759420
16044956071
20900902830
25284307387
28513508262
30044425158
29606361384
27272205061
23441025291
18737902437
13861339038
9424316234
5835458220
3251311414
1604702720
687392719
248791012
73420131
16838441
2809666
310856
19932
604
6
0
0
0
0
0
0
0
0
0
0
0
0
0
11
1077
35703
560528
5105002
30859576
135869272
465437042
1301633981
3079740844
6333413696
11555552979
19003744255
28515059105
39405376476
50507255555
60356392522
67487006842
70758885095
69625432031
64266586883
55548008476
44817233650
33594065720
23242253914
14712866621
8424479063
4298638950
1916919606
728217036
227808127
56063126
10193173
1253349
91683
3290
42
0
0
0
0
0
0
0
0
0
0
0
0
0
68
5297
148299
2038358
16681173
92399517
378465019
1220663745
3245350064
7358481082
14598728231
25842988784
41438654717
60888811874
82717738556
104594182654
123709749577
137328939431
143372205133
140879342968
130229941638
113061176283
91903372250
69629013909
48860557229
31491436549
18438104710
9667370521
4455086927
1760809088
577759360
150633580
29381821
3939106
320986
13213
205
0
0
0
0
0
0
0
0
0
0
0
0
1
301
19444
474116
5843868
43809330
225887637
871999238
2676802235
6827398699
14948229514
28793743586
49719672139
78080393802
112761749339
151037366545
188843758537
221442987234
244325376562
254132860789
249373193200
230745763379
200996066316
164333302722
125555289380
89099028063
58252783936
34717652900
18602146990
8800721503
3590310152
1223933478
334202187
68964370
9909374
880462
40462
725
3
0
0
0
0
0
0
0
0
0
0
0
4
982
54899
1198140
13531262
94544169
460227229
1694038828
4997650960
12328358886
26242736699
49361223941
83541086076
129001438203
183705280684
243246279568
301341970796
350857522907
385132811942
399300641139
391282178087
362221927324
316257256533
259674969275
199653742101
142891864838
94447465098
57060251316
31087756853
15008398920
6274310035
2202988663
623436068
134381071
20373752
1935737
96879
1942
9
0
0
0
0
0
0
0
0
0
0
0
12
2442
122021
2443510
25784831
170578900
794055664
2816643106
8056514704
19363888709
40323301549
74448994761
124035217497
189010964620
266197924706
349268779224
429500898658
497194236975
543440935602
561841602045
549773903105
508922604264
444948669224
366370548204
282911410801
203691537753
135682898437
82775967502
45643664398
22360749770
9515345656
3413474731
991495629
220621690
34786032
3471000
184895
4022
22
0
0
0
0
0
0
0
0
0
0
0
26
4720
217271
4085102
41014506
260665150
1174227296
4053374086
11332974114
26721180940
54747172778
99694738745
164160818727
247685364330
345928776725
450727253044
551104610582
635053420210
691695618977
713338089860
696963274125
644823257939
564004792995
465059479472
360001450752
260119851559
174098756111
106862583680
59375871586
29361767690
12638011334
4597054854
1358046050
308501215
49901237
5141044
285252
6545
39
0
0
0
0
0
0
0
0
0
0
0
43
7195
313824
5661153
55008247
340491283
1500962601
5088847513
14014774974
32624686913
66119071621
119288476455
194866317558
292014965774
405471225971
525696777863
640092392609
735043803087
798353216425
821517967372
801354844383
740615731706
647460458139
533899998663
413548282619
299176875083
200615086210
123456624091
68827679375
34181559878
14791153505
5415778754
1612933397
370088807
60612894
6343120
359068
8457
53
0
0
0
0
0
0
0
0
0
0
0
55
8727
370594
6548712
62599527
382373766
1667243591
5601055566
15306113065
35394693888
71322168907
128033965700
208238449472
310851052738
430151835819
556000686184
675152909787
773418870340
838196497359
860817864749
838196497359
773418870340
675152909787
556000686184
430151835819
310851052738
208238449472
128033965700
71322168907
35394693888
15306113065
5601055566
1667243591
382373766
62599527
6548712
370594
8727
55
0
0
0
0
0
0
0
0
0
0
0
53
8457
359068
6343120
60612894
370088807
1612933397
5415778754
14791153505
34181559878
68827679375
123456624091
200615086210
299176875083
413548282619
533899998663
647460458139
740615731706
801354844383
821517967372
798353216425
735043803087
640092392609
525696777863
405471225971
292014965774
194866317558
119288476455
66119071621
32624686913
14014774974
5088847513
1500962601
340491283
55008247
5661153
313824
7195
43
0
0
0
0
0
0
0
0
0
0
0
39
6545
285252
5141044
49901237
308501215
1358046050
4597054854
12638011334
29361767690
59375871586
106862583680
174098756111
260119851560
360001450753
465059479472
564004792995
644823257939
696963274125
713338089860
691695618977
635053420210
551104610582
450727253044
345928776725
247685364330
164160818726
99694738745
54747172778
26721180940
11332974114
4053374086
1174227296
260665150
41014506
4085102
217271
4720
26
0
0
0
0
0
0
0
0
0
0
0
22
4022
184895
3471000
34786032
220621690
991495629
3413474731
9515345656
22360749770
45643664398
82775967502
135682898437
203691537753
282911410801
366370548204
444948669224
508922604264
549773903105
561841602045
543440935602
497194236975
429500898658
349268779224
266197924706
189010964620
124035217497
74448994761
40323301549
19363888709
8056514704
2816643106
794055664
170578900
25784831
2443510
122021
2442
12
0
0
0
0
0
0
0
0
0
0
0
9
1942
96879
1935737
20373752
134381071
623436068
2202988663
6274310035
15008398920
31087756853
57060251316
94447465098
142891864838
199653742101
259674969275
316257256533
362221927324
391282178087
399300641139
385132811942
350857522907
301341970796
243246279568
183705280684
129001438203
83541086076
49361223941
26242736699
12328358886
4997650960
1694038828
460227229
94544169
13531262
1198140
54899
982
4
0
0
0
0
0
0
0
0
0
0
0
3
725
40462
880462
9909374
68964370
334202187
1223933478
3590310152
8800721503
18602146990
34717652900
58252783936
89099028063
125555289380
164333302722
200996066316
230745763379
249373193200
254132860789
244325376562
221442987234
188843758537
151037366545
112761749339
78080393802
49719672139
28793743586
14948229514
6827398699
2676802235
871999238
225887637
43809330
5843868
474116
19444
301
1
0
0
0
0
0
0
0
0
0
0
0
0
205
13213
320986
3939106
29381821
150633580
577759360
1760809088
4455086927
9667370521
18438104710
31491436549
48860557229
69629013909
91903372250
113061176283
130229941638
140879342968
143372205133
137328939431
123709749577
104594182654
82717738556
60888811874
41438654717
25842988784
14598728231
7358481082
3245350064
1220663745
378465019
92399517
16681173
2038358
148299
5297
68
0
0
0
0
0
0
0
0
0
0
0
0
0
42
3290
91683
1253349
10193173
56063126
227808127
728217036
1916919606
4298638950
8424479063
14712866621
23242253914
33594065720
44817233650
55548008476
64266586883
69625432031
70758885095
67487006842
60356392522
50507255555
39405376476
28515059105
19003744255
11555552979
6333413696
3079740844
1301633981
465437042
135869272
30859576
5105002
560528
35703
1077
11
0
0
0
0
0
0
0
0
0
0
0
0
0
6
604
19932
310856
2809666
16838441
73420131
248791012
687392719
1604702720
3251311414
5835458220
9424316234
13861339038
18737902437
23441025291
27272205061
29606361384
30044425158
28513508262
25284307387
20900902830
16044956071
11375759420
7393270146
4361224237
2305130207
1073573930
431091615
145054456
39383368
8200357
1221154
117887
6398
157
1
0
0
0
0
0
0
0
0
0
0
0
0
0
0
78
3180
58137
596728
3965716
18824344
68431266
200431319
491143116
1035866960
1921491755
3187169802
4787641793
6576447017
8320675212
9747372506
10609256290
10749264399
10142884816
8904335042
7254768190
5463328572
3780495683
2384655800
1356764558
686777091
303820857
114774182
35917963
8944360
1678959
220544
18259
818
15
0
0
0
0
0
0
0
0
0
0
0
0
0
0
0
6
356
7869
94003
706768
3712826
14678084
46093331
119680644
264816503
510965989
875025788
1348038811
1887587411
2420897743
2859654561
3122578436
3158248671
2960084847
2568096466
2056856470
1514168810
1018064154
619834828
337874235
162482143
67627071
23763030
6823515
1533566
254545
28812
1988
71
1
0
0
0
0
0
0
0
0
0
0
0
0
0
0
0
0
26
732
10480
91223
540495
2360481
8051724
22393732
52453743
106059119
188645440
299475594
429023341
559217377
667158199
731350265
738230209
686466235
587327757
461006930
330392172
214719845
125371452
64966242
29404596
11386903
3672776
952595
189632
27212
2582
143
3
0
0
0
0
0
0
0
0
0
0
0
0
0
0
0
0
0
1
44
780
8078
55190
271166
1020052
3077377
7710662
16478379
30655207
50425144
74217445
98612973
119040569
131103216
132029453
121634919
102373627
78463659
54480082
34013479
18902163
9226256
3887385
1382429
402988
92682
15986
1931
148
6
0
0
0
0
0
0
0
0
0
0
0
0
0
0
0
0
0
0
0
1
36
459
3712
20966
88536
294038
797776
1820182
3570491
6124818
9307152
12649682
15483758
17146626
17220257
15690963
12952376
9651654
6455324
3843576
2014795
916331
354767
114078
29508
5887
857
84
5
0
0
0
0
0
0
0
0
0
0
0
0
0
0
0
0
0
0
0
0
0
0
15
152
1014
4908
18260
54426
134151
280150
504969
796798
1112265
1383924
1542431
1543924
1388552
1120136
807312
516556
290777
142247
59504
20843
5950
1336
225
26
2
0
0
0
0
0
0
0
0
0
0
0
0
0
0
0
0
0
0
0
0
0
0
0
0
3
28
159
678
2259
6100
13717
26214
43245
62297
79019
88732
88459
78327
61481
42591
25856
13617
6137
2325
723
179
34
4
0
0
0
0
0
0
0
0
0
0
0
0
0
0
0
0
0
0
0
0
0
0
0
0
0
0
0
0
2
13
51
155
381
780
1357
2029
2633
2983
2959
2571
1953
1291
736
358
146
49
13
2
0
0
0
0
0
0
0
0
0
0
0
0
0
0
0
0
0
0
0
0
0
0
0
0
0
0
0
0
0
0
0
0
0
1
5
11
22
34
45
52
51
43
32
20
10
4
1
0
0
0
0
0
0
0
0
0
0
0
0
0
0
0
0
0
0
0
0
0
0
0
0
0
0
0
0
0
0
0
0
0
0
0
0
0
0
0
0
0
0
0
0
0
0
0
0
0
0
0
0
0
0
0
0
0
0
0
0
0
0
0
0
0
0
0
0
0
0
0
0
0
0
0
0
0
0
0
0
0
0
0
0
0
0
0
0
0
0
0
0
0
0
0
0
0
0
0
0
0
0
0
0
0
0
0
0
0
0
0
0
0
0
0
0
0
0
0
0
0
0
0
0
0
0
0
0
0
0
0
0
0
0
0
0
0
0
0
0
0
0
0
0
0
0
0
0
0
0
0
0
0
0
0
0
0
0
0
0
0
0
0
0
0
0
0
0
0
0
0
0
0
0
0
0
0
0
0
0
0
0
0
0
0
0
0
0
0
0
0
0
0
0
0
0
0
0
0
0
0
0
0
0
0
0
0
0
0
0
0
0
0
0
0
0
0
0
0
0
0
0
0
0
0
0
0
0
0
0
0
0
0
0
0
0
0
0
0
0
0
0
0
0
0
0
0
0
0
0
0
0
0
0
0
0
0
0
0
0
0
0
0
0
0
0
0
0
0
0
0
0
0
0
0
0
0
0
0
0
0
0
0
0
0
0
0
0
0
0
0
0
0
0
0
0
0
0
0
0
0
0
0
0
0
0
0
0
0
0
0
0
0
0
0
0
0
0
0
0
0
0
0
0
0
0
0
0
0
0
0
0
0
0
0
0
0
0
0
0
0
0
0
0
0
0
0
0
0
0
0
0
0
0
0
0
0
0
0
0
0
0
0
0
0
0
0
0
0
0
0
0
0
0
0
0
0
0
0
0
0
0
0
0
0
0
0
0
0
0
0
0
0
0
0
0
0
0
0
0
0
0
0
0
0
0
0
0
0
0
0
0
0
0
0
0
0
0
0
0
0
0
0
0
0
0
0
0
0
0
0
0
0
0
0
0
0
0
0
0
0
0
0
0
0
0
0
0
0
0
0
0
0
0
0
0
0
0
0
0
0
0
0
0
0
0
0
0
0
0
0
0
0
0
0
0
0
0
0
0
0
0
0
0
0
0
0
0
0
0
0
0
0
0
0
0
0
0
0
0
0
0
0
0
0
0
0
0
0
0
0
0
0
0
0
0
0
0
0
0
0
0
0
0
0
0
0
0
0
0
0
0
0
0
0
0
0
0
0
0
0
0
0
0
0
0
0
0
0
0
0
0
0
0
0
0
0
0
0
0
0
0
0
0
0
0
0
0
0
0
0
0
0
0
0
0
0
0
0
0
0
0
0
0
0
0
0
0
0
0
0
0
0
0
0
0
0
0
0
0
0
0
0
0
0
0
0
0
0
0
0
0
0
0
0
0
0
0
0
0
0
0
0
0
0
0
0
0
0
0
0
0
0
0
0
0
0
0
0
0
0
0
0
0
0
0
0
0
0
0
0
0
0
0
0
0
0
0
0
0
0
0
0
0
0
0
0
0
0
0
0
0
0
0
0
0
0
0
0
0
0
0
0
0
0
0
0
0
0
0
0
0
0
0
0
0
0
0
0
0
0
0
0
0
0
0
0
0
0
0
0
0
0
0
0
0
0
0
0
0
0
0
0
0
0
0
0
0
0
0
0
0
0
0
0
0
0
0
0
0
0
0
0
0
0
0
0
0
0
0
0
0
0
0
0
0
0
0
0
0
0
0
0
0
0
0
0
0
0
0
0
0
0
0
0
0
0
0
0
0
0
0
0
0
0
0
0
0
0
0
0
0
0
0
0
0
0
0
0
0
0
0
0
0
0
0
0
0
0
0
0
0
0
0
0
0
0
0
0
0
0
0
0
0
0
0
0
0
0
0
0
0
0
0
0
0
0
0
0
0
0
0
0
0
0
0
0
0
0
0
0
0
0
0
0
0
0
0
0
0
0
0
0
0
0
0
0
0
0
0
0
0
0
0
0
0
0
0
0
0
0
0
0
0
0
0
0
0
0
0
0
0
0
0
0
0
0
0
0
0
0
0
0
0
0
0
0
0
0
0
0
0
0
0
0
0
0
0
0
0
0
0
0
0
0
0
0
0
0
0
0
0
0
0
0
0
0
0
0
0
0
0
0
0
0
0
0
0
0
0
0
0
0
0
0
0
0
0
0
0
0
0
0
0
0
0
0
0
0
0
0
0
0
0
0
0
0
0
0
0
0
0
0
0
0
0
0
0
0
0
0
0
0
0
0
0
0
0
0
0
0
0
0
0
0
0
0
0
0
0
0
0
0
0
0
0
0
0
0
0
0
0
0
0
0
0
0
0
0
0
0
0
0
0
0
0
0
0
0
0
0
0
0
0
0
0
0
0
0
0
0
0
0
0
0
0
0
0
0
0
0
0
0
0
0
0
0
0
0
0
0
0
0
0
0
0
0
0
0
0
0
0
0
0
0
0
0
0
0
0
0
0
0
0
0
0
0
0
0
0
0
0
0
0
0
0
0
0
0
0
0
0
0
0
0
0
0
0
0
0
0
0
0
0
0
0
0
0
0
0
0
0
0
0
0
0
0
0
0
0
0
0
0
0
0
0
0
0
0
0
0
0
0
0
0
0
0
0
0
0
0
0
0
0
0
0
0
0
0
0
0
0
0
0
0
0
0
0
0
0
0
0
0
0
0
0
0
0
0
0
0
0
0
0
0
0
0
0
0
0
0
0
0
0
0
0
0
0
0
0
0
0
0
0
0
0
0
0
0
0
0
0
0
0
0
0
0
0
0
0
0
0
0
0
0
0
0
0
0
0
0
0
0
0
0
0
0
0
0
0
0
0
0
0
0
0
0
0
0
0
0
0
0
0
0
0
0
0
0
0
0
0
0
0
0
0
0
0
0
0
0
0
0
0
0
0
0
0
0
0
0
0
0
0
0
0
0
0
0
0
0
0
0
0
0
0
0
0
0
0
0
0
0
0
0
0
0
0
0
0
0
0
0
0
0
0
0
0
0
0
0
0
0
0
0
0
0
0
0
0
0
0
0
0
0
0
0
0
0
0
0
0
0
0
0
0
0
0
0
0
0
0
0
0
0
0
0
0
0
0
0
0
0
0
0
0
0
0
0
0
0
0
0
0
0
0
0
0
0
0
0
0
0
0
0
0
0
0
0
0
0
0
0
0
0
0
0
0
0
0
0
0
0
0
0
0
0
0
0
0
0
0
0
0
0
0
0
0
0
0
0
0
0
0
0
0
0
0
0
0
0
0
0
0
0
0
0
0
0
0
0
0
0
0
0
0
0
0
0
0
0
0
0
0
0
0
0
0
0
0
0
0
0
0
0
0
0
0
0
0
0
0
0
0
0
0
0
0
0
0
0
0
0
0
0
0
0
0
0
0
0
0
0
0
0
0
0
0
0
0
0
0
0
0
0
0
0
0
0
0
0
0
0
0
0
0
0
0
0
0
0
0
0
0
0
0
0
0
0
0
0
0
0
0
0
0
0
0
0
0
0
0
0
0
0
0
0
0
0
0
0
0
0
0
0
0
0
0
0
0
0
0
0
0
0
0
0
0
0
0
0
0
0
0
0
0
0
0
0
0
0
0
0
0
0
0
0
0
0
0
0
0
0
0
0
0
0
0
0
0
0
0
0
0
0
0
0
0
0
0
0
0
0
0
0
0
0
0
0
0
0
0
0
0
0
0
0
0
0
0
0
0
0
0
