0
0
0
0
0
0
0
0
0
0
0
0
0
0
0
0
0
0
0
0
0
0
0
0
0
0
0
0
0
0
0
0
0
0
0
0
0
0
0
0
0
0
0
0
0
0
0
0
0
0
0
0
0
0
0
0
0
0
0
0
0
0
0
0
0
0
0
0
0
0
0
0
0
0
0
0
0
0
0
0
0
0
0
0
0
0
0
0
0
0
0
0
0
0
0
0
0
0
0
0
0
0
0
0
0
0
0
0
0
0
0
0
0
0
0
0
0
0
0
0
0
0
0
0
0
0
0
0
0
0
0
0
0
0
0
0
0
0
0
0
0
0
0
0
0
0
0
0
0
0
0
0
0
0
0
0
0
0
0
0
0
0
0
0
0
0
0
0
0
0
0
0
0
0
0
0
0
0
0
0
0
0
0
0
0
0
0
0
0
0
0
0
0
0
0
0
0
0
0
0
0
0
0
0
0
0
0
0
0
0
0
0
0
0
0
0
0
0
0
0
0
0
0
0
0
0
0
0
0
0
0
0
0
0
0
0
0
0
0
0
0
0
0
0
0
0
0
0
0
0
0
0
0
0
0
0
0
0
0
0
0
0
0
0
0
0
0
0
0
0
0
0
0
0
0
0
0
0
0
0
0
0
0
0
0
0
0
0
0
0
0
0
0
0
0
0
0
0
0
0
0
0
0
0
0
0
0
0
0
0
0
0
0
0
0
0
0
0
0
0
0
0
0
0
0
0
0
0
0
0
0
0
0
0
0
0
0
0
0
0
0
0
0
0
0
0
0
0
0
0
0
0
0
0
0
0
0
0
0
0
0
0
0
0
0
0
0
0
0
0
0
0
0
0
0
0
0
0
0
0
0
0
0
0
0
0
0
0
0
0
0
0
0
0
0
0
0
0
0
0
0
0
0
0
0
0
0
0
0
0
0
0
0
0
0
0
0
0
0
0
0
0
0
0
0
0
0
0
0
0
0
0
0
0
0
0
0
0
0
0
0
0
0
0
0
0
0
0
0
0
0
0
0
0
0
0
0
0
0
0
0
0
0
0
0
0
0
0
0
0
0
0
0
0
0
0
0
0
0
0
0
0
0
0
0
0
0
0
0
0
0
0
0
0
0
0
0
0
0
0
0
0
0
0
0
0
0
0
0
0
0
0
0
0
0
0
0
0
0
0
0
0
0
0
0
0
0
0
0
0
0
0
0
0
0
0
0
0
0
0
0
0
0
0
0
0
0
0
0
0
0
0
0
0
0
0
0
0
0
0
0
0
0
0
0
0
0
0
0
0
0
0
0
0
0
0
0
0
0
0
0
0
0
0
0
0
0
0
0
0
0
0
0
0
0
0
0
0
0
0
0
0
0
0
0
0
0
0
0
0
0
0
0
0
0
0
0
0
0
0
0
0
0
0
0
0
0
0
0
0
0
0
0
0
0
0
0
0
0
0
0
0
0
0
0
0
0
0
0
0
0
0
0
0
0
0
0
0
0
0
0
0
0
0
0
0
0
0
0
0
0
0
0
0
0
0
0
0
0
0
0
0
0
0
0
0
0
0
0
0
0
0
0
0
0
0
0
0
0
0
0
0
0
0
0
0
0
0
0
0
0
0
0
0
0
0
0
0
0
0
0
0
0
0
0
0
0
0
0
0
0
0
0
0
0
0
0
0
0
0
0
0
0
0
0
0
0
0
0
0
0
0
0
0
0
0
0
0
0
0
0
0
0
0
0
0
0
0
0
0
0
0
0
0
0
0
0
0
0
0
0
0
0
0
0
0
0
0
0
0
0
0
0
0
0
0
0
0
0
0
0
0
0
0
0
0
0
0
0
0
0
0
0
0
0
0
0
0
0
0
0
0
0
0
0
0
0
0
0
0
0
0
0
0
0
0
0
0
0
0
0
0
0
0
0
0
0
0
0
0
0
0
0
0
0
0
0
0
0
0
0
0
0
0
0
0
0
0
0
0
0
0
0
0
0
0
0
0
0
0
0
0
0
0
0
0
0
0
0
0
0
0
0
0
0
0
0
0
0
0
0
0
0
0
0
0
0
0
0
0
0
0
0
0
0
0
0
0
0
0
0
0
0
0
0
0
0
0
0
0
0
0
0
0
0
0
0
0
0
0
0
0
0
0
0
0
0
0
0
0
0
0
0
0
0
0
0
0
0
0
0
0
0
0
0
0
0
0
0
0
0
0
0
0
0
0
0
0
0
0
0
0
0
0
0
0
0
0
0
0
0
0
0
0
0
0
0
0
0
0
0
0
0
0
0
0
0
0
0
0
0
0
0
0
0
0
0
0
0
0
0
0
0
0
0
0
0
0
0
0
0
0
0
0
0
0
0
0
0
0
0
0
0
0
0
0
0
0
0
0
0
0
0
0
0
0
0
0
0
0
0
0
0
0
0
0
0
0
0
0
0
0
0
0
0
0
0
0
0
0
0
0
0
0
0
0
0
0
0
0
0
0
0
0
0
0
0
0
0
0
0
0
0
0
0
0
0
0
0
0
0
0
0
0
0
0
0
0
0
0
0
0
0
0
0
0
0
0
0
0
0
0
0
0
0
0
0
0
0
0
0
0
0
0
0
0
0
0
0
0
0
0
0
0
0
0
0
0
0
0
0
0
0
0
0
0
0
0
0
0
0
0
0
0
0
0
0
0
0
0
0
0
0
0
0
0
0
0
0
0
0
0
0
0
0
0
0
0
0
0
0
0
0
0
0
0
0
0
0
0
0
0
0
0
0
0
0
0
0
0
0
0
0
0
0
0
0
0
0
0
0
0
0
0
0
0
0
0
0
0
0
0
0
0
0
0
0
0
0
0
0
0
0
0
0
0
0
0
0
0
0
0
0
0
0
0
0
0
0
0
0
0
0
0
0
0
0
0
0
0
0
0
0
0
0
0
0
0
0
0
0
0
0
0
0
0
0
0
0
0
0
0
0
0
0
0
0
0
0
0
0
0
0
0
0
0
0
0
0
0
0
0
0
0
0
0
0
0
0
0
0
0
0
0
0
0
0
0
0
0
0
0
0
0
0
0
0
0
0
0
0
0
0
0
0
0
0
0
0
0
0
0
0
0
0
0
0
0
0
0
0
0
0
0
0
0
0
0
0
0
0
0
0
0
0
0
0
0
0
0
0
0
0
0
0
0
0
0
0
0
0
0
0
0
0
0
0
0
0
0
0
0
0
0
0
0
0
0
0
0
0
0
0
0
0
0
0
0
0
0
0
0
0
0
0
0
0
0
0
0
0
0
0
0
0
0
0
0
0
0
0
0
0
0
0
0
0
0
0
0
0
0
0
0
0
0
0
0
0
0
0
0
0
0
0
0
0
0
0
0
0
0
0
0
0
0
0
0
0
0
0
0
0
0
0
0
0
0
0
0
0
0
0
0
0
0
0
0
0
0
0
0
0
0
0
0
0
0
0
0
0
0
0
0
0
0
0
0
0
0
0
0
0
0
0
0
0
0
0
0
0
0
0
0
0
0
0
0
0
0
0
0
0
0
0
0
0
0
0
0
0
0
0
0
0
0
0
0
0
0
0
0
0
0
0
0
0
0
0
0
0
0
0
0
0
0
0
0
0
0
0
0
0
0
0
0
0
0
0
0
0
0
0
0
0
0
0
0
0
0
0
0
0
0
0
0
0
0
0
0
0
0
0
0
0
0
0
0
0
0
0
0
0
0
0
0
0
0
0
0
0
0
0
0
1
4
9
17
28
38
45
45
39
30
19
10
4
1
0
0
0
0
0
0
0
0
0
0
0
0
0
0
0
0
0
0
0
0
0
0
0
0
0
0
0
0
0
0
0
0
0
2
11
43
127
310
636
1112
1680
2209
2540
2561
2262
1745
1169
674
330
135
45
11
2
0
0
0
0
0
0
0
0
0
0
0
0
0
0
0
0
0
0
0
0
0
0
0
0
0
0
0
0
4
29
155
624
1998
5251
11607
21966
36088
51989
66145
74650
74879
66726
52675
36639
22269
11691
5220
1942
586
138
24
3
0
0
0
0
0
0
0
0
0
0
0
0
0
0
0
0
0
0
0
0
0
0
0
0
1
23
195
1151
5092
17728
50327
119713
243667
431307
672119
930513
1151798
1279739
1278510
1147986
924019
663423
421693
234815
112939
46055
15541
4204
874
132
13
0
0
0
0
0
0
0
0
0
0
0
0
0
0
0
0
0
0
0
0
0
0
4
73
740
5039
25051
96130
296923
762240
1666922
3165067
5294865
7891556
10565150
12778729
14013291
13953875
12611376
10320243
7612089
5025817
2941798
1506991
664233
246383
74715
17831
3184
397
31
1
0
0
0
0
0
0
0
0
0
0
0
0
0
0
0
0
0
0
0
5
129
1661
13615
78193
337012
1146753
3200872
7546452
15369905
27516940
43886727
62990623
81974728
97232853
105455916
104723469
95179312
78992250
59613329
40649209
24822896
13414521
6315767
2538287
847908
227330
46697
6903
674
38
1
0
0
0
0
0
0
0
0
0
0
0
0
0
0
0
0
0
3
124
2219
23112
159321
792199
3025440
9297966
23818936
52248162
100189651
170653108
261382828
363376314
461674271
538629840
578753438
573422758
523653890
439824956
338438140
237175902
150131640
84896465
42269184
18182743
6592882
1950719
451163
76969
8944
632
23
0
0
0
0
0
0
0
0
0
0
0
0
0
0
0
0
0
61
1710
24463
213479
1271213
5594456
19284715
54367570
129507940
267236957
486924595
795081417
1176736273
1592225238
1982178456
2280383827
2430907700
2403823569
2204040661
1870028275
1462819760
1049156109
684618080
402288155
210003430
95686004
37187749
11960465
3058184
588929
79301
6725
308
6
0
0
0
0
0
0
0
0
0
0
0
0
0
0
0
13
707
15540
185124
1390855
7317689
29043582
91801225
240579857
538870906
1055862258
1842400565
2902671897
4172962338
5518306437
6752185751
7676035193
8127619491
8023392372
7381239372
6316086045
5009618791
3663786659
2452863905
1488752316
808814826
386854527
159411277
55007959
15307162
3264884
497784
49177
2730
68
0
0
0
0
0
0
0
0
0
0
0
0
0
0
1
137
5474
99321
1013835
6713615
31819482
115750020
340051482
837892316
1781755549
3341875945
5622073083
8593720769
12054677292
15634504275
18852395616
21216005360
22334698361
22014706976
20308083544
17500638983
14042076708
10438731129
7140297002
4452948976
2501547943
1246178903
539348315
197425820
58978952
13705157
2319012
260385
16956
523
5
0
0
0
0
0
0
0
0
0
0
0
0
0
9
929
30281
467776
4194842
24986921
108491764
366828842
1013481697
2371291166
4827157740
8727400343
14237969829
21217139199
29152342019
37195447308
44299498956
49426915963
51775599533
50962237394
47112740271
40834633285
33078285527
24924311640
17354752889
11069397617
6393683067
3294588730
1485255580
570994873
180943109
45149985
8330674
1040379
77355
2823
37
0
0
0
0
0
0
0
0
0
0
0
0
0
59
4535
124776
1686278
13578220
74061852
298969881
951192562
2497023843
5596011923
10984902225
19261720266
30628571915
44682781132
60340511791
75938620222
89505591858
99140818824
103408783379
101648774796
94121463350
81954538877
66900164594
50964808193
36004983626
23391047746
13821100358
7321585059
3412775437
1365790622
454238566
120156231
23800649
3243140
268817
11264
178
0
0
0
0
0
0
0
0
0
0
0
0
0
261
16543
396088
4797014
35361372
179433654
682278336
2064939972
5197908956
11243597024
21420868981
36626175204
57022759420
81741976032
108815937772
135392486094
158199785222
174156503267
180983461135
177671152415
164691876833
143905449914
118179434216
90812688784
64899170082
42784419402
25742854432
13942021605
6674803849
2758615781
953708983
264364062
55432433
8100567
732597
34294
627
2
0
0
0
0
0
0
0
0
0
0
0
3
847
46452
994857
11033380
75764026
362768626
1314649024
3822158020
9301586895
19554495441
36367023245
60929126936
93252192652
131788754109
173404913741
213752429774
247973600069
271582803972
281324318804
275812199442
255808340750
224075758669
184838224581
142965777356
103069711924
68714256936
41925004574
23096451142
11288122311
4782767645
1703819140
489720861
107315271
16555967
1601968
81714
1671
8
0
0
0
0
0
0
0
0
0
0
0
10
2098
102783
2018834
20910725
135894071
621984562
2171332893
6118542933
14503271506
29818975110
54421646430
89736136789
135509709713
189372428140
246877749248
302057297365
348382701523
379924302430
392451730020
384237270314
356389627189
312646245961
258666735072
200976934434
145791890473
97977550325
60382144258
33676915854
16707493684
7208202798
2624567165
774579998
175293999
28136318
2860423
155365
3448
20
0
0
0
0
0
0
0
0
0
0
0
23
4044
182393
3362426
33125237
206746111
915444580
3109170520
8561903754
19904794553
40256952268
72452381869
118058087234
176496175240
244573501993
316604557324
385143340337
442177962105
480530005418
495158170182
484091697406
448800235634
393923653611
326415837684
254278062595
185147563732
125044638278
77551427424
43593443063
21835998859
9531475452
3519967106
1056847095
244245673
40230728
4224232
239065
5598
34
0
0
0
0
0
0
0
0
0
0
0
38
6152
262855
4648164
44308240
269284226
1166601900
3890897749
10552420395
24217672623
48444226084
86372346371
139613103578
207289944962
285564029253
367831965518
445593903325
509815340736
552490790212
568078704206
554511425103
513575709018
450587281456
373423789072
291110897920
212252767103
143638767156
89326280679
50389598777
25352373232
11127345710
4137164688
1252489354
292425055
48778698
5203539
300500
7226
46
0
0
0
0
0
0
0
0
0
0
0
48
7455
310085
5370867
50362278
302023415
1294117723
4276621415
11508383252
26235827449
52179703323
92567484497
148972634219
220335516265
302503710446
388476489784
469339318933
535696199808
579293339975
594492678362
579293339975
535696199808
469339318933
388476489784
302503710446
220335516265
148972634219
92567484497
52179703323
26235827449
11508383252
4276621415
1294117723
302023415
50362278
5370867
310085
7455
48
0
0
0
0
0
0
0
0
0
0
0
46
7226
300500
5203539
48778698
292425055
1252489354
4137164688
11127345710
25352373232
50389598777
89326280679
143638767156
212252767103
291110897920
373423789072
450587281456
513575709018
554511425103
568078704206
552490790212
509815340736
445593903325
367831965518
285564029253
207289944962
139613103578
86372346371
48444226084
24217672623
10552420395
3890897749
1166601900
269284226
44308240
4648164
262855
6152
38
0
0
0
0
0
0
0
0
0
0
0
34
5598
239065
4224232
40230728
244245673
1056847095
3519967106
9531475452
21835998859
43593443063
77551427424
125044638278
185147563732
254278062595
326415837684
393923653611
448800235634
484091697406
495158170182
480530005418
442177962105
385143340337
316604557324
244573501993
176496175240
118058087234
72452381869
40256952268
19904794553
8561903754
3109170520
915444580
206746111
33125237
3362426
182393
4044
23
0
0
0
0
0
0
0
0
0
0
0
20
3448
155365
2860423
28136318
175293999
774579998
2624567165
7208202798
16707493684
33676915854
60382144258
97977550325
145791890473
200976934434
258666735072
312646245961
356389627189
384237270314
392451730020
379924302430
348382701523
302057297365
246877749248
189372428140
135509709713
89736136789
54421646430
29818975110
14503271506
6118542933
2171332893
621984562
135894071
20910725
2018834
102783
2098
10
0
0
0
0
0
0
0
0
0
0
0
8
1671
81714
1601968
16555967
107315271
489720861
1703819140
4782767645
11288122311
23096451142
41925004574
68714256936
103069711924
142965777356
184838224581
224075758669
255808340750
275812199442
281324318804
271582803972
247973600069
213752429774
173404913741
131788754109
93252192652
60929126936
36367023245
19554495441
9301586895
3822158020
1314649024
362768626
75764026
11033380
994857
46452
847
3
0
0
0
0
0
0
0
0
0
0
0
2
627
34294
732597
8100567
55432433
264364062
953708983
2758615781
6674803849
13942021605
25742854432
42784419402
64899170082
90812688784
118179434216
143905449914
164691876833
177671152415
180983461135
174156503267
158199785222
135392486094
108815937772
81741976032
57022759420
36626175204
21420868981
11243597024
5197908956
2064939972
682278336
179433654
35361372
4797014
396088
16543
261
0
0
0
0
0
0
0
0
0
0
0
0
0
178
11264
268817
3243140
23800649
120156231
454238566
1365790622
3412775437
7321585059
13821100358
23391047746
36004983626
50964808193
66900164594
81954538877
94121463350
101648774796
103408783379
99140818824
89505591858
75938620222
60340511791
44682781132
30628571915
19261720266
10984902225
5596011923
2497023843
951192562
298969881
74061852
13578220
1686278
124776
4535
59
0
0
0
0
0
0
0
0
0
0
0
0
0
37
2823
77355
1040379
8330674
45149985
180943109
570994873
1485255580
3294588730
6393683067
11069397617
17354752889
24924311640
33078285527
40834633285
47112740271
50962237394
51775599533
49426915963
44299498956
37195447308
29152342019
21217139199
14237969829
8727400343
4827157740
2371291166
1013481697
366828842
108491764
24986921
4194842
467776
30281
929
9
0
0
0
0
0
0
0
0
0
0
0
0
0
5
523
16956
260385
2319012
13705157
58978952
197425820
539348315
1246178903
2501547943
4452948976
7140297002
10438731129
14042076708
17500638983
20308083544
22014706976
22334698361
21216005360
18852395616
15634504275
12054677292
8593720769
5622073083
3341875945
1781755549
837892316
340051482
115750020
31819482
6713615
1013835
99321
5474
137
1
0
0
0
0
0
0
0
0
0
0
0
0
0
0
68
2730
49177
497784
3264884
15307162
55007959
159411277
386854527
808814826
1488752316
2452863905
3663786659
5009618791
6316086045
7381239372
8023392372
8127619491
7676035193
6752185751
5518306437
4172962338
2902671897
1842400565
1055862258
538870906
240579857
91801225
29043582
7317689
1390855
185124
15540
707
13
0
0
0
0
0
0
0
0
0
0
0
0
0
0
0
6
308
6725
79301
588929
3058184
11960465
37187749
95686004
210003430
402288155
684618080
1049156109
1462819760
1870028275
2204040661
2403823569
2430907700
2280383827
1982178456
1592225238
1176736273
795081417
486924595
267236957
129507940
54367570
19284715
5594456
1271213
213479
24463
1710
61
0
0
0
0
0
0
0
0
0
0
0
0
0
0
0
0
0
23
632
8944
76969
451163
1950719
6592882
18182743
42269184
84896465
150131640
237175902
338438140
439824956
523653890
573422758
578753438
538629840
461674271
363376314
261382828
170653108
100189651
52248162
23818936
9297966
3025440
792199
159321
23112
2219
124
3
0
0
0
0
0
0
0
0
0
0
0
0
0
0
0
0
0
1
38
674
6903
46697
227330
847908
2538287
6315767
13414521
24822896
40649209
59613329
78992250
95179312
104723469
105455916
97232853
81974728
62990623
43886727
27516940
15369905
7546452
3200872
1146753
337012
78193
13615
1661
129
5
0
0
0
0
0
0
0
0
0
0
0
0
0
0
0
0
0
0
0
1
31
397
3184
17831
74715
246383
664233
1506991
2941798
5025817
7612089
10320243
12611376
13953875
14013291
12778729
10565150
7891556
5294865
3165067
1666922
762240
296923
96130
25051
5039
740
73
4
0
0
0
0
0
0
0
0
0
0
0
0
0
0
0
0
0
0
0
0
0
0
13
132
874
4204
15541
46055
112939
234815
421693
663423
924019
1147986
1278510
1279739
1151798
930513
672119
431307
243667
119713
50327
17728
5092
1151
195
23
1
0
0
0
0
0
0
0
0
0
0
0
0
0
0
0
0
0
0
0
0
0
0
0
0
3
24
138
586
1942
5220
11691
22269
36639
52675
66726
74879
74650
66145
51989
36088
21966
11607
5251
1998
624
155
29
4
0
0
0
0
0
0
0
0
0
0
0
0
0
0
0
0
0
0
0
0
0
0
0
0
0
0
0
0
2
11
45
135
330
674
1169
1745
2262
2561
2540
2209
1680
1112
636
310
127
43
11
2
0
0
0
0
0
0
0
0
0
0
0
0
0
0
0
0
0
0
0
0
0
0
0
0
0
0
0
0
0
0
0
0
0
1
4
10
19
30
39
45
45
38
28
17
9
4
1
0
0
0
0
0
0
0
0
0
0
0
0
0
0
0
0
0
0
0
0
0
0
0
0
0
0
0
0
0
0
0
0
0
0
0
0
0
0
0
0
0
0
0
0
0
0
0
0
0
0
0
0
0
0
0
0
0
0
0
0
0
0
0
0
0
0
0
0
0
0
0
0
0
0
0
0
0
0
0
0
0
0
0
0
0
0
0
0
0
0
0
0
0
0
0
0
0
0
0
0
0
0
0
0
0
0
0
0
0
0
0
0
0
0
0
0
0
0
0
0
0
0
0
0
0
0
0
0
0
0
0
0
0
0
0
0
0
0
0
0
0
0
0
0
0
0
0
0
0
0
0
0
0
0
0
0
0
0
0
0
0
0
0
0
0
0
0
0
0
0
0
0
0
0
0
0
0
0
0
0
0
0
0
0
0
0
0
0
0
0
0
0
0
0
0
0
0
0
0
0
0
0
0
0
0
0
0
0
0
0
0
0
0
0
0
0
0
0
0
0
0
0
0
0
0
0
0
0
0
0
0
0
0
0
0
0
0
0
0
0
0
0
0
0
0
0
0
0
0
0
0
0
0
0
0
0
0
0
0
0
0
0
0
0
0
0
0
0
0
0
0
0
0
0
0
0
0
0
0
0
0
0
0
0
0
0
0
0
0
0
0
0
0
0
0
0
0
0
0
0
0
0
0
0
0
0
0
0
0
0
0
0
0
0
0
0
0
0
0
0
0
0
0
0
0
0
0
0
0
0
0
0
0
0
0
0
0
0
0
0
0
0
0
0
0
0
0
0
0
0
0
0
0
0
0
0
0
0
0
0
0
0
0
0
0
0
0
0
0
0
0
0
0
0
0
0
0
0
0
0
0
0
0
0
0
0
0
0
0
0
0
0
0
0
0
0
0
0
0
0
0
0
0
0
0
0
0
0
0
0
0
0
0
0
0
0
0
0
0
0
0
0
0
0
0
0
0
0
0
0
0
0
0
0
0
0
0
0
0
0
0
0
0
0
0
0
0
0
0
0
0
0
0
0
0
0
0
0
0
0
0
0
0
0
0
0
0
0
0
0
0
0
0
0
0
0
0
0
0
0
0
0
0
0
0
0
0
0
0
0
0
0
0
0
0
0
0
0
0
0
0
0
0
0
0
0
0
0
0
0
0
0
0
0
0
0
0
0
0
0
0
0
0
0
0
0
0
0
0
0
0
0
0
0
0
0
0
0
0
0
0
0
0
0
0
0
0
0
0
0
0
0
0
0
0
0
0
0
0
0
0
0
0
0
0
0
0
0
0
0
0
0
0
0
0
0
0
0
0
0
0
0
0
0
0
0
0
0
0
0
0
0
0
0
0
0
0
0
0
0
0
0
0
0
0
0
0
0
0
0
0
0
0
0
0
0
0
0
0
0
0
0
0
0
0
0
0
0
0
0
0
0
0
0
0
0
0
0
0
0
0
0
0
0
0
0
0
0
0
0
0
0
0
0
0
0
0
0
0
0
0
0
0
0
0
0
0
0
0
0
0
0
0
0
0
0
0
0
0
0
0
0
0
0
0
0
0
0
0
0
0
0
0
0
0
0
0
0
0
0
0
0
0
0
0
0
0
0
0
0
0
0
0
0
0
0
0
0
0
0
0
0
0
0
0
0
0
0
0
0
0
0
0
0
0
0
0
0
0
0
0
0
0
0
0
0
0
0
0
0
0
0
0
0
0
0
0
0
0
0
0
0
0
0
0
0
0
0
0
0
0
0
0
0
0
0
0
0
0
0
0
0
0
0
0
0
0
0
0
0
0
0
0
0
0
0
0
0
0
0
0
0
0
0
0
0
0
0
0
0
0
0
0
0
0
0
0
0
0
0
0
0
0
0
0
0
0
0
0
0
0
0
0
0
0
0
0
0
0
0
0
0
0
0
0
0
0
0
0
0
0
0
0
0
0
0
0
0
0
0
0
0
0
0
0
0
0
0
0
0
0
0
0
0
0
0
0
0
0
0
0
0
0
0
0
0
0
0
0
0
0
0
0
0
0
0
0
0
0
0
0
0
0
0
0
0
0
0
0
0
0
0
0
0
0
0
0
0
0
0
0
0
0
0
0
0
0
0
0
0
0
0
0
0
0
0
0
0
0
0
0
0
0
0
0
0
0
0
0
0
0
0
0
0
0
0
0
0
0
0
0
0
0
0
0
0
0
0
0
0
0
0
0
0
0
0
0
0
0
0
0
0
0
0
0
0
0
0
0
0
0
0
0
0
0
0
0
0
0
0
0
0
0
0
0
0
0
0
0
0
0
0
0
0
0
0
0
0
0
0
0
0
0
0
0
0
0
0
0
0
0
0
0
0
0
0
0
0
0
0
0
0
0
0
0
0
0
0
0
0
0
0
0
0
0
0
0
0
0
0
0
0
0
0
0
0
0
0
0
0
0
0
0
0
0
0
0
0
0
0
0
0
0
0
0
0
0
0
0
0
0
0
0
0
0
0
0
0
0
0
0
0
0
0
0
0
0
0
0
0
0
0
0
0
0
0
0
0
0
0
0
0
0
0
0
0
0
0
0
0
0
0
0
0
0
0
0
0
0
0
0
0
0
0
0
0
0
0
0
0
0
0
0
0
0
0
0
0
0
0
0
0
0
0
0
0
0
0
0
0
0
0
0
0
0
0
0
0
0
0
0
0
0
0
0
0
0
0
0
0
0
0
0
0
0
0
0
0
0
0
0
0
0
0
0
0
0
0
0
0
0
0
0
0
0
0
0
0
0
0
0
0
0
0
0
0
0
0
0
0
0
0
0
0
0
0
0
0
0
0
0
0
0
0
0
0
0
0
0
0
0
0
0
0
0
0
0
0
0
0
0
0
0
0
0
0
0
0
0
0
0
0
0
0
0
0
0
0
0
0
0
0
0
0
0
0
0
0
0
0
0
0
0
0
0
0
0
0
0
0
0
0
0
0
0
0
0
0
0
0
0
0
0
0
0
0
0
0
0
0
0
0
0
0
0
0
0
0
0
0
0
0
0
0
0
0
0
0
0
0
0
0
0
0
0
0
0
0
0
0
0
0
0
0
0
0
0
0
0
0
0
0
0
0
0
0
0
0
0
0
0
0
0
0
0
0
0
0
0
0
0
0
0
0
0
0
0
0
0
0
0
0
0
0
0
0
0
0
0
0
0
0
0
0
0
0
0
0
0
0
0
0
0
0
0
0
0
0
0
0
0
0
0
0
0
0
0
0
0
0
0
0
0
0
0
0
0
0
0
0
0
0
0
0
0
0
0
0
0
0
0
0
0
0
0
0
0
0
0
0
0
0
0
0
0
0
0
0
0
0
0
0
0
0
0
0
0
0
0
0
0
0
0
0
0
0
0
0
0
0
0
0
0
0
0
0
0
0
0
0
0
0
0
0
0
0
0
0
0
0
0
0
0
0
0
0
0
0
0
0
0
0
0
0
0
0
0
0
0
0
0
0
0
0
0
0
0
0
0
0
0
0
0
0
0
0
0
0
0
0
0
0
0
0
0
0
0
0
0
0
0
0
0
0
0
0
0
0
0
0
0
0
0
0
0
0
0
0
0
0
0
0
0
0
0
0
0
0
0
0
0
0
0
0
0
0
0
0
0
0
0
0
0
0
0
0
0
0
0
0
0
0
0
0
0
0
0
0
0
0
0
0
0
0
0
0
0
0
0
0
0
0
0
0
0
0
0
0
0
0
0
0
0
0
